TRUE
rmse.test.best:  17946.8344969161
rmse.train.best:  10044.6842402889
